1684054162.37577 0.03747 0.00905 0.00568 -0.00002 -0.03393 -0.00016 0.99942
1684054162.57657 0.10442 0.01670 0.01429 -0.00012 -0.03448 0.00271 0.99940
1684054162.65634 0.05882 0.00299 0.00601 -0.00002 -0.03406 0.00669 0.99940
1684054162.77617 0.03817 -0.00158 0.00111 0.00048 -0.03447 0.00880 0.99937
1684054162.85610 0.02805 -0.00111 -0.00004 0.00069 -0.03441 0.00764 0.99938
1684054162.97879 0.03015 -0.00165 -0.00093 0.00078 -0.03443 0.00831 0.99937
1684054163.05610 0.03370 -0.00189 -0.00024 0.00095 -0.03513 0.00845 0.99935
1684054163.17600 0.03109 -0.00123 -0.00037 0.00064 -0.03602 0.00983 0.99930
1684054163.25572 0.03207 -0.00152 -0.00039 0.00013 -0.03699 0.01240 0.99924
1684054163.37762 0.03514 -0.00272 -0.00065 0.00056 -0.03955 0.01528 0.99910
1684054163.45617 0.03483 -0.00323 -0.00040 0.00071 -0.04010 0.01718 0.99905
1684054163.58257 0.03240 -0.00351 -0.00032 0.00089 -0.04214 0.02103 0.99889
1684054163.65842 0.03391 -0.00267 -0.00051 0.00053 -0.04319 0.02239 0.99882
1684054163.74234 0.02827 -0.00211 -0.00063 0.00013 -0.04408 0.02470 0.99872
1684054163.85572 0.02239 -0.00129 -0.00054 -0.00015 -0.04521 0.02724 0.99861
1684054163.97605 0.02141 -0.00109 -0.00050 -0.00002 -0.04734 0.03031 0.99842
1684054164.05613 0.01968 -0.00105 -0.00066 0.00055 -0.04987 0.03183 0.99825
1684054164.17620 0.01932 -0.00106 -0.00070 0.00064 -0.05199 0.03477 0.99804
1684054164.25628 0.01892 -0.00113 -0.00072 0.00235 -0.05578 0.03765 0.99773
1684054164.38211 0.01902 -0.00107 -0.00067 0.00457 -0.06043 0.04182 0.99729
1684054164.45638 0.00765 0.01189 0.00148 0.00171 -0.10524 0.10188 0.98921
1684054164.57632 -0.00942 0.03274 -0.00016 0.00464 -0.10731 0.11462 0.98758
1684054164.65633 -0.02314 0.04737 -0.00046 0.00672 -0.11149 0.12234 0.98618
1684054164.78266 -0.04281 0.07010 -0.00003 0.00920 -0.11116 0.13584 0.98443
1684054164.86226 -0.05483 0.08413 0.00120 0.01205 -0.10603 0.14069 0.98429
1684054164.97617 -0.07387 0.10594 0.00270 0.01394 -0.10181 0.14619 0.98391
1684054165.06246 -0.09024 0.12322 0.00188 0.01528 -0.10031 0.14992 0.98348
1684054165.13870 -0.10290 0.13885 0.00123 0.01394 -0.09766 0.15158 0.98351
1684054165.25568 -0.12418 0.16108 0.00200 0.01020 -0.09298 0.14723 0.98467
1684054165.38189 -0.14697 0.18662 0.00505 0.00695 -0.07357 0.12631 0.98923
1684054165.46270 -0.16297 0.20629 0.01408 0.00259 -0.05780 0.10099 0.99320
1684054165.54220 -0.17429 0.22430 0.01530 -0.00512 -0.05097 0.07361 0.99597
