1403638524.47783 0.00206 -0.05287 0.23062 0.83146 0.04227 0.55279 -0.03618
1403638524.57783 -0.00088 -0.09244 0.29837 0.82272 0.04080 0.56563 -0.03912
1403638525.07783 0.03191 -0.03835 0.42931 0.80708 0.03266 0.58912 -0.02197
1403638525.37783 0.03082 -0.05586 0.28933 0.81748 0.04699 0.57359 -0.02250
1403638525.47783 0.02721 -0.05673 0.23698 0.82976 0.04873 0.55512 -0.03110
1403638525.57783 0.02363 -0.06121 0.19049 0.83885 0.04818 0.54094 -0.03742
1403638525.67783 0.02139 -0.06062 0.15026 0.84178 0.04515 0.53657 -0.03819
1403638525.77783 0.01847 -0.06544 0.11690 0.84016 0.03935 0.53975 -0.03531
1403638525.87783 0.01689 -0.06833 0.09343 0.83649 0.03503 0.54613 -0.02823
1403638525.97783 0.01368 -0.07836 0.08115 0.83513 0.03385 0.54866 -0.01979
1403638526.07783 0.01049 -0.09937 0.07947 0.83674 0.03167 0.54646 -0.01536
1403638526.17783 0.00686 -0.13065 0.08629 0.83907 0.02254 0.54339 -0.01357
1403638526.27783 0.00164 -0.16848 0.09926 0.83809 0.01351 0.54527 -0.01011
1403638526.37783 -0.00603 -0.21100 0.11388 0.83393 0.00495 0.55180 -0.00773
1403638526.47783 -0.01602 -0.25796 0.12655 0.82880 -0.00600 0.55948 -0.00634
1403638526.57783 -0.02755 -0.31148 0.13558 0.82342 -0.01690 0.56716 -0.00497
1403638526.67783 -0.04096 -0.37197 0.14219 0.81822 -0.02520 0.57436 -0.00053
1403638526.77783 -0.05707 -0.43789 0.14716 0.81511 -0.03060 0.57845 0.00792
1403638526.87783 -0.07470 -0.50428 0.15050 0.81436 -0.03375 0.57916 0.01587
1403638526.97783 -0.09246 -0.56780 0.15320 0.81740 -0.04013 0.57432 0.02016
1403638527.07783 -0.10800 -0.62719 0.15671 0.82177 -0.05328 0.56664 0.02787
1403638527.17783 -0.12081 -0.67962 0.16215 0.82338 -0.06848 0.56221 0.03576
1403638527.27783 -0.12862 -0.72110 0.16880 0.82032 -0.08219 0.56399 0.04739
1403638527.37783 -0.13039 -0.74497 0.17468 0.81513 -0.09088 0.56863 0.06300
1403638527.47783 -0.12592 -0.74702 0.17802 0.81151 -0.09526 0.57182 0.07347
1403638527.77783 -0.08653 -0.64431 0.17801 0.81303 -0.08542 0.57178 0.06890
1403638527.87783 -0.06274 -0.58856 0.17705 0.81637 -0.08051 0.56927 0.05465
1403638527.97783 -0.03911 -0.53165 0.17785 0.81742 -0.07532 0.56941 0.04396
1403638528.07783 -0.02005 -0.47690 0.17905 0.81633 -0.06757 0.57245 0.03668
1403638528.17783 -0.00103 -0.42024 0.17663 0.81685 -0.05844 0.57326 0.02657
1403638528.27783 0.02343 -0.37113 0.17194 0.81844 -0.04767 0.57244 0.01380
1403638528.37783 0.05764 -0.33057 0.15966 0.81820 -0.03929 0.57355 0.00629
1403638528.77783 0.19141 -0.27058 0.16380 0.81984 -0.05203 0.57011 0.01158
1403638529.17783 0.16789 -0.21785 0.20616 0.82045 -0.05996 0.56826 0.01838
1403638529.27783 0.12966 -0.19680 0.20459 0.82231 -0.05362 0.56573 0.02964
1403638529.37783 0.09287 -0.17755 0.19400 0.82757 -0.04911 0.55820 0.03352
1403638529.47783 0.06005 -0.16166 0.17490 0.83758 -0.04655 0.54339 0.03195
1403638529.57783 0.03492 -0.14899 0.15059 0.84774 -0.04349 0.52781 0.02930
1403638529.67783 0.01837 -0.14200 0.12575 0.85167 -0.04009 0.52169 0.03002
1403638529.77783 0.00695 -0.13434 0.10339 0.84812 -0.03907 0.52757 0.02895
1403638529.87783 0.00090 -0.12527 0.08308 0.84171 -0.04002 0.53775 0.02750
1403638529.97783 -0.00001 -0.11976 0.06786 0.83909 -0.03984 0.54187 0.02665
1403638530.07783 0.00938 -0.11834 0.05765 0.84053 -0.04015 0.53959 0.02700
1403638530.17783 0.02279 -0.11843 0.04814 0.84223 -0.04432 0.53658 0.02770
1403638530.27783 0.03828 -0.11998 0.03890 0.84178 -0.05011 0.53668 0.02957
1403638530.37783 0.05194 -0.12307 0.02995 0.84110 -0.05525 0.53710 0.03203
1403638530.47783 0.06415 -0.12641 0.02317 0.84085 -0.05904 0.53708 0.03217
1403638530.57783 0.07248 -0.13027 0.01828 0.84087 -0.06224 0.53674 0.03126
1403638530.67783 0.07766 -0.13331 0.01352 0.84383 -0.06429 0.53177 0.03221
1403638530.77783 0.08149 -0.13514 0.00846 0.84722 -0.06580 0.52618 0.03219
1403638530.97783 0.08576 -0.13645 0.00136 0.84571 -0.06508 0.52888 0.02874
1403638531.17783 0.08669 -0.13406 0.00049 0.84026 -0.06150 0.53785 0.02992
1403638538.87783 0.08903 -0.13165 0.00016 0.83488 -0.05889 0.54637 0.03155
1403638538.97783 0.09343 -0.13116 0.00307 0.83017 -0.05813 0.55354 0.03219
1403638539.07783 0.09888 -0.13104 0.00683 0.82461 -0.05963 0.56155 0.03363
1403638539.17783 0.10731 -0.13078 0.01505 0.81935 -0.06006 0.56920 0.03276
1403638539.27783 0.11689 -0.13059 0.03081 0.81569 -0.05920 0.57455 0.03234
1403638539.37783 0.12642 -0.13066 0.05438 0.81665 -0.05847 0.57330 0.03162
1403638539.47783 0.13678 -0.13200 0.08442 0.81873 -0.05726 0.57047 0.03100
1403638539.97783 0.19376 -0.13599 0.17713 0.82873 -0.05192 0.55666 0.02538
1403638540.07783 0.21426 -0.13620 0.18294 0.83464 -0.05157 0.54781 0.02499
1403638540.37783 0.31357 -0.13950 0.21048 0.82839 -0.04792 0.55750 0.02570
1403638540.57783 0.40128 -0.14261 0.22620 0.82620 -0.03036 0.56235 0.01500
1403638540.67783 0.44770 -0.13607 0.23044 0.82622 -0.01311 0.56316 0.00651
1403638540.77783 0.50027 -0.12723 0.22218 0.82516 0.01093 0.56480 -0.00155
1403638540.87783 0.55141 -0.13014 0.23238 0.82422 0.03897 0.56480 -0.01196
1403638540.97783 0.59540 -0.11829 0.23773 0.82238 0.06526 0.56459 -0.02576
1403638541.07783 0.65065 -0.10114 0.22777 0.81995 0.08474 0.56474 -0.03957
1403638541.17783 0.70232 -0.08678 0.21967 0.81800 0.09808 0.56464 -0.04941
1403638541.27783 0.75257 -0.06440 0.23215 0.81710 0.10686 0.56388 -0.05453
1403638541.47783 0.85570 -0.00082 0.23857 0.81666 0.11064 0.56336 -0.05868
1403638541.67783 0.96019 0.08286 0.26980 0.81352 0.11411 0.56683 -0.06216
1403638541.77783 1.00972 0.13494 0.29897 0.81215 0.11954 0.56654 -0.07179
1403638541.87783 1.05783 0.17660 0.33372 0.81065 0.12832 0.56515 -0.08355
1403638541.97783 1.10070 0.23605 0.37063 0.80946 0.14247 0.56163 -0.09508
1403638542.07783 1.15853 0.29630 0.39193 0.80723 0.15930 0.55784 -0.10876
1403638542.17783 1.19471 0.35538 0.41196 0.80322 0.17900 0.55448 -0.12387
1403638542.27783 1.24296 0.41635 0.42753 0.79916 0.20199 0.54902 -0.13831
1403638542.37783 1.28609 0.47735 0.43610 0.79143 0.22336 0.54845 -0.15151
1403638542.47783 1.33131 0.53933 0.44269 0.77788 0.24318 0.55769 -0.15732
1403638542.57783 1.37385 0.60224 0.44748 0.76593 0.26125 0.56715 -0.15309
1403638542.67783 1.41024 0.66790 0.45438 0.76263 0.27032 0.56729 -0.15334
1403638542.77783 1.43791 0.73724 0.46755 0.76684 0.26902 0.55978 -0.16197
1403638542.87783 1.45829 0.80912 0.48793 0.77231 0.26570 0.55191 -0.16835
1403638543.07783 1.48795 0.95441 0.54379 0.78072 0.25893 0.54132 -0.17439
1403638543.37783 1.53412 1.18127 0.59901 0.78405 0.25197 0.54041 -0.17243
1403638543.47783 1.55224 1.26175 0.61023 0.78323 0.25603 0.53915 -0.17411
1403638543.57783 1.57014 1.34414 0.61659 0.78045 0.26673 0.53649 -0.17871
1403638543.67783 1.58500 1.42691 0.62090 0.77496 0.28407 0.53331 -0.18528
1403638543.77783 1.60203 1.51497 0.62737 0.76713 0.30502 0.52957 -0.19501
1403638543.87783 1.61551 1.59899 0.63914 0.75722 0.32734 0.52616 -0.20647
1403638543.97783 1.62880 1.68568 0.65826 0.74885 0.34554 0.52083 -0.22037
1403638544.07783 1.64038 1.77198 0.68131 0.74492 0.35674 0.51237 -0.23518
1403638544.17783 1.65333 1.85961 0.70415 0.74183 0.36322 0.50741 -0.24553
1403638544.27783 1.66804 1.94778 0.72081 0.73931 0.36657 0.50541 -0.25223
1403638544.47783 1.70343 2.12726 0.73928 0.73942 0.37005 0.50252 -0.25258
1403638544.67783 1.74278 2.31178 0.75927 0.73039 0.36835 0.51351 -0.25913
1403638544.87783 1.77968 2.48937 0.79110 0.73292 0.37148 0.50803 -0.25833
1403638545.17783 1.83322 2.74833 0.80180 0.73221 0.37313 0.50715 -0.25968
1403638545.37783 1.87159 2.92604 0.78417 0.72903 0.37379 0.51081 -0.26053
1403638545.57783 1.90779 3.10179 0.75691 0.72684 0.38125 0.50519 -0.26671
1403638545.67783 1.92364 3.18759 0.75265 0.72134 0.39273 0.49950 -0.27555
1403638545.77783 1.94141 3.27779 0.75507 0.71369 0.40922 0.49223 -0.28441
1403638545.87783 1.95813 3.36608 0.76415 0.70313 0.42880 0.48423 -0.29540
1403638545.97783 1.97442 3.45330 0.77960 0.69074 0.45085 0.47580 -0.30533
1403638546.07783 1.99276 3.54433 0.79864 0.67889 0.46982 0.47026 -0.31183
1403638546.17783 2.00953 3.63466 0.81286 0.67025 0.48219 0.46493 -0.31951
1403638546.27783 2.02647 3.72933 0.82062 0.66559 0.48977 0.46023 -0.32451
1403638546.37783 2.04166 3.82177 0.82193 0.66404 0.49197 0.45558 -0.33085
1403638546.57783 2.07091 4.00786 0.81161 0.66167 0.49647 0.45136 -0.33464
1403638546.67783 2.08413 4.10370 0.81236 0.65688 0.50238 0.44910 -0.33828
1403638546.87783 2.10959 4.30342 0.84199 0.64878 0.51306 0.44642 -0.34141
1403638547.07783 2.12801 4.50719 0.86975 0.64297 0.52087 0.44816 -0.33827
1403638547.37783 2.13018 4.81901 0.86931 0.64093 0.52343 0.44931 -0.33668
1403638547.57783 2.11150 5.03168 0.85143 0.64726 0.51637 0.44223 -0.34474
1403638547.87783 2.07710 5.36418 0.79214 0.64505 0.51744 0.44810 -0.33967
1403638548.07783 2.04391 5.59941 0.75838 0.64451 0.52011 0.44351 -0.34263
1403638548.17783 2.02564 5.72998 0.75480 0.64081 0.52555 0.43894 -0.34713
1403638548.27783 2.00563 5.86252 0.75794 0.63454 0.53407 0.43245 -0.35372
1403638548.37783 1.98388 5.99360 0.76994 0.62522 0.54558 0.42525 -0.36140
1403638548.47783 1.96069 6.12458 0.78916 0.61573 0.55628 0.41817 -0.36954
1403638548.57783 1.93729 6.25338 0.80722 0.60788 0.56424 0.41312 -0.37609
1403638548.67783 1.91419 6.38453 0.82050 0.60244 0.56974 0.40908 -0.38094
1403638548.87783 1.86749 6.64053 0.84457 0.59648 0.57649 0.40456 -0.38498
1403638549.07783 1.81936 6.90703 0.89489 0.59523 0.57788 0.40266 -0.38681
1403638549.27783 1.77082 7.16842 0.96711 0.59609 0.57599 0.40235 -0.38862
1403638549.47783 1.72236 7.44057 1.05012 0.59909 0.57149 0.40044 -0.39262
1403638549.67783 1.67690 7.71781 1.11420 0.59869 0.56826 0.40306 -0.39521
1403638549.87783 1.63650 7.98637 1.17898 0.60039 0.56897 0.40202 -0.39266
1403638550.07783 1.59944 8.26293 1.27334 0.60157 0.56881 0.40043 -0.39272
1403638550.27783 1.56783 8.55439 1.39804 0.60159 0.56955 0.39904 -0.39302
1403638550.47783 1.54216 8.84521 1.52786 0.60112 0.56845 0.39854 -0.39584
1403638550.57783 1.53132 8.98999 1.57937 0.60172 0.56608 0.39708 -0.39977
1403638550.67783 1.52450 9.13417 1.62392 0.60010 0.56269 0.39942 -0.40463
1403638550.77783 1.52095 9.28664 1.66880 0.59937 0.56048 0.40067 -0.40754
1403638550.87783 1.52156 9.43163 1.70914 0.59559 0.55627 0.40617 -0.41336
1403638550.97783 1.52490 9.56692 1.74401 0.59139 0.55183 0.41256 -0.41897
1403638551.07783 1.53108 9.69980 1.77569 0.58891 0.54898 0.41618 -0.42260
1403638551.27783 1.55377 9.93963 1.84685 0.59105 0.54510 0.41299 -0.42774
1403638551.47783 1.59936 10.15988 1.92726 0.61128 0.53267 0.41222 -0.41554
1403638551.57783 1.63273 10.27024 1.96195 0.62638 0.51627 0.41674 -0.40919
1403638551.67783 1.67380 10.37263 1.98843 0.64328 0.49774 0.42023 -0.40232
1403638551.77783 1.72303 10.46922 2.01065 0.65733 0.47917 0.42875 -0.39305
1403638551.87783 1.78011 10.56057 2.02818 0.66785 0.46353 0.43884 -0.38281
1403638551.97783 1.84448 10.64505 2.04952 0.67121 0.45582 0.45194 -0.37077
1403638552.07783 1.91451 10.72182 2.07945 0.67272 0.45080 0.46242 -0.36111
1403638552.17783 1.98489 10.78632 2.11371 0.67762 0.44760 0.46297 -0.35516
1403638552.37783 2.13813 10.90330 2.19041 0.68265 0.44366 0.46110 -0.35291
1403638552.47783 2.22153 10.95581 2.22650 0.67893 0.43821 0.46618 -0.36014
1403638552.57783 2.30629 10.99710 2.25569 0.67517 0.43477 0.47055 -0.36566
1403638552.77783 2.48686 11.05631 2.29342 0.67228 0.43824 0.47154 -0.36555
1403638552.97783 2.67776 11.08069 2.30990 0.66864 0.44826 0.47231 -0.35903
1403638553.17783 2.87361 11.08152 2.31056 0.66256 0.45242 0.47559 -0.36076
1403638553.27783 2.96979 11.07151 2.30999 0.65678 0.44927 0.48102 -0.36799
1403638553.37783 3.06651 11.05410 2.31515 0.65159 0.45021 0.48596 -0.36958
1403638553.47783 3.16491 11.02733 2.32578 0.64611 0.45391 0.49241 -0.36610
1403638553.57783 3.26201 10.99113 2.34221 0.64176 0.45707 0.49737 -0.36312
1403638553.77783 3.43589 10.87660 2.39068 0.64136 0.46121 0.49705 -0.35900
1403638553.97783 3.59428 10.72965 2.46060 0.64624 0.46316 0.49097 -0.35610
1403638554.17783 3.74667 10.56274 2.51929 0.65244 0.46785 0.48272 -0.34988
1403638554.27783 3.82415 10.48214 2.54316 0.65834 0.47379 0.47443 -0.34209
1403638554.37783 3.89562 10.39817 2.56066 0.66160 0.47846 0.46935 -0.33628
1403638554.57783 4.02638 10.22280 2.58445 0.66384 0.48040 0.46517 -0.33489
1403638554.87783 4.22179 9.97273 2.62683 0.66694 0.47129 0.45987 -0.34869
1403638555.07783 4.33120 9.80905 2.66318 0.67087 0.46379 0.46263 -0.34757
1403638555.17783 4.39607 9.72940 2.67530 0.67701 0.45709 0.46539 -0.34080
1403638555.27783 4.45553 9.64387 2.67852 0.68315 0.44907 0.46859 -0.33477
1403638555.37783 4.53479 9.55905 2.68050 0.68631 0.44441 0.47338 -0.32771
1403638555.47783 4.59687 9.47493 2.67425 0.68843 0.44135 0.47716 -0.32188
1403638555.57783 4.67056 9.39294 2.67419 0.68981 0.43865 0.47927 -0.31944
1403638555.67783 4.74229 9.30745 2.67723 0.69157 0.43699 0.47869 -0.31878
1403638555.87783 4.87272 9.13981 2.69950 0.69284 0.43813 0.47695 -0.31707
1403638556.07783 5.01168 8.97205 2.74941 0.69171 0.44118 0.47763 -0.31426
1403638556.27783 5.15522 8.81965 2.78234 0.69938 0.44269 0.46649 -0.31191
1403638556.47783 5.30235 8.68491 2.80627 0.70467 0.44466 0.45901 -0.30826
1403638556.67783 5.44781 8.56668 2.82617 0.71017 0.43806 0.45210 -0.31522
1403638556.77783 5.53271 8.51985 2.84367 0.70709 0.43316 0.45709 -0.32165
1403638556.87783 5.61806 8.47257 2.87297 0.70562 0.42879 0.45941 -0.32737
1403638556.97783 5.70990 8.42545 2.90268 0.70418 0.42613 0.46160 -0.33086
1403638557.07783 5.80606 8.37413 2.92913 0.70271 0.42759 0.46342 -0.32956
1403638557.17783 5.91909 8.32647 2.94031 0.70115 0.42916 0.46546 -0.32797
1403638557.27783 6.01687 8.27747 2.96034 0.70006 0.43028 0.46675 -0.32698
1403638557.37783 6.12820 8.22259 2.95156 0.69880 0.43253 0.46819 -0.32465
1403638557.47783 6.23943 8.17862 2.96790 0.69581 0.43706 0.47216 -0.31921
1403638557.57783 6.35137 8.13480 2.98289 0.69344 0.44028 0.47563 -0.31474
1403638557.67783 6.46156 8.08552 3.00192 0.69230 0.44221 0.47713 -0.31229
1403638557.77783 6.57417 8.03823 3.02291 0.69195 0.44196 0.47778 -0.31242
1403638557.87783 6.68305 7.99558 3.04063 0.69197 0.44331 0.47841 -0.30947
1403638557.97783 6.78630 7.95089 3.05099 0.69327 0.44489 0.47688 -0.30664
1403638558.07783 6.89277 7.91270 3.05456 0.69704 0.44563 0.47130 -0.30565
1403638558.17783 6.99717 7.86814 3.05595 0.70285 0.44712 0.46305 -0.30277
1403638558.27783 7.10103 7.83366 3.06249 0.70701 0.44876 0.45746 -0.29914
1403638558.37783 7.20737 7.80593 3.07885 0.70837 0.45148 0.45577 -0.29436
1403638558.47783 7.31651 7.78455 3.10609 0.71204 0.45510 0.45046 -0.28805
1403638558.67783 7.54474 7.76620 3.16980 0.71522 0.44732 0.44697 -0.29763
1403638558.77783 7.65680 7.76960 3.21252 0.71487 0.44118 0.44832 -0.30550
1403638558.87783 7.77490 7.77854 3.24271 0.71359 0.43900 0.45070 -0.30811
1403638558.97783 7.89568 7.79149 3.26605 0.70882 0.43779 0.45811 -0.30991
1403638559.07783 8.01707 7.80846 3.28108 0.70441 0.43762 0.46465 -0.31048
1403638559.17783 8.14034 7.82604 3.29378 0.70102 0.43805 0.46916 -0.31077
1403638559.27783 8.26678 7.84873 3.29172 0.69821 0.44043 0.47245 -0.30874
1403638559.37783 8.38668 7.86979 3.28812 0.69597 0.44364 0.47515 -0.30503
1403638559.47783 8.50536 7.89162 3.28017 0.69369 0.44582 0.47782 -0.30287
1403638559.57783 8.62234 7.92050 3.26107 0.69156 0.44734 0.48017 -0.30178
1403638559.77783 8.84976 7.97005 3.23586 0.68967 0.44825 0.48140 -0.30279
1403638559.97783 9.06594 8.03055 3.22226 0.69393 0.44154 0.48135 -0.30300
1403638560.07783 9.17101 8.06192 3.20960 0.70169 0.42865 0.48511 -0.29759
1403638560.17783 9.27443 8.09235 3.19032 0.71124 0.41054 0.49272 -0.28779
1403638560.27783 9.37861 8.12295 3.16660 0.72185 0.38929 0.50152 -0.27542
1403638560.37783 9.47525 8.15124 3.14333 0.72947 0.36494 0.51475 -0.26407
1403638560.47783 9.57780 8.17946 3.11113 0.73730 0.33970 0.52713 -0.25123
1403638560.57783 9.66612 8.19837 3.07713 0.74632 0.31273 0.53639 -0.23978
1403638560.67783 9.76116 8.22708 3.03934 0.75659 0.28464 0.54191 -0.22996
1403638560.77783 9.84803 8.23914 3.00191 0.76516 0.25903 0.54576 -0.22266
1403638560.87783 9.93321 8.24616 2.97340 0.77140 0.23620 0.55160 -0.21187
1403638560.97783 10.01716 8.24613 2.95217 0.77549 0.21528 0.55899 -0.19952
1403638561.07783 10.10072 8.23903 2.93947 0.77783 0.19543 0.56721 -0.18724
1403638561.17783 10.17696 8.22203 2.93323 0.77901 0.17777 0.57486 -0.17629
1403638561.27783 10.24798 8.19878 2.93466 0.77912 0.16440 0.58073 -0.16938
1403638561.37783 10.31320 8.16728 2.93901 0.78362 0.15960 0.57857 -0.16040
1403638561.47783 10.37337 8.12898 2.93916 0.78945 0.16314 0.57321 -0.14693
1403638561.57783 10.42892 8.08729 2.93467 0.79290 0.16775 0.56949 -0.13730
1403638561.77783 10.53332 7.99958 2.90787 0.79466 0.17284 0.56662 -0.13260
1403638561.97783 10.62732 7.90645 2.86162 0.79491 0.16911 0.56913 -0.12494
1403638562.07783 10.67111 7.85799 2.83866 0.79663 0.16037 0.57079 -0.11768
1403638562.17783 10.70814 7.80843 2.82266 0.79838 0.15067 0.57251 -0.11013
1403638562.27783 10.74566 7.76057 2.81160 0.79931 0.14254 0.57447 -0.10378
1403638562.37783 10.77879 7.71221 2.80707 0.80009 0.13073 0.57723 -0.09786
1403638562.47783 10.80786 7.66319 2.80615 0.80227 0.11477 0.57887 -0.08998
1403638562.57783 10.83678 7.61476 2.81265 0.80444 0.09475 0.58088 -0.08047
1403638562.67783 10.86278 7.56493 2.82319 0.80707 0.07063 0.58181 -0.07178
1403638562.77783 10.88610 7.51283 2.83509 0.80846 0.04444 0.58348 -0.06299
1403638562.87783 10.90483 7.45698 2.84214 0.80945 0.01979 0.58476 -0.04950
1403638562.97783 10.91952 7.39780 2.84361 0.80999 -0.00283 0.58539 -0.03504
1403638563.07783 10.92793 7.33666 2.84027 0.80963 -0.02692 0.58575 -0.02599
1403638563.17783 10.93144 7.27102 2.83212 0.80928 -0.04658 0.58540 -0.01409
1403638563.27783 10.93012 7.20113 2.81969 0.80604 -0.06029 0.58878 -0.00255
1403638563.37783 10.92433 7.12740 2.80361 0.79823 -0.06975 0.59828 0.00407
1403638563.47783 10.91333 7.04969 2.78225 0.79218 -0.07648 0.60546 0.00532
1403638563.57783 10.89555 6.96660 2.76046 0.79284 -0.07601 0.60458 0.01077
1403638563.67783 10.87061 6.87920 2.74488 0.79641 -0.07599 0.59986 0.01076
1403638563.87783 10.80215 6.69080 2.73528 0.79840 -0.07530 0.59739 0.00447
1403638564.17783 10.65789 6.36945 2.74325 0.79819 -0.06649 0.59871 -0.00545
1403638564.37783 10.53226 6.12851 2.74026 0.79539 -0.05573 0.60351 -0.00485
1403638564.57783 10.37927 5.87522 2.76212 0.79604 -0.05087 0.60306 -0.00698
1403638564.77783 10.19727 5.60710 2.77805 0.79838 -0.05677 0.59927 -0.01593
1403638564.87783 10.09856 5.46623 2.77674 0.79790 -0.05927 0.59960 -0.01808
1403638564.97783 9.99374 5.31896 2.75733 0.79739 -0.06103 0.60004 -0.01990
1403638565.07783 9.88462 5.16494 2.72118 0.79779 -0.06175 0.59940 -0.02111
1403638565.17783 9.77272 5.00684 2.67020 0.79857 -0.06197 0.59832 -0.02154
1403638565.27783 9.65699 4.84238 2.61341 0.79956 -0.06118 0.59714 -0.01988
1403638565.37783 9.53757 4.67317 2.55375 0.80061 -0.05988 0.59594 -0.01713
1403638565.47783 9.41533 4.50052 2.49355 0.79996 -0.05889 0.59699 -0.01414
1403638565.57783 9.29085 4.32313 2.43936 0.79786 -0.05656 0.60013 -0.00750
1403638565.67783 9.16038 4.14391 2.39318 0.79761 -0.05054 0.60104 0.00434
1403638565.77783 9.02761 3.96556 2.35443 0.80033 -0.04617 0.59762 0.01340
1403638565.87783 8.88767 3.78926 2.32291 0.80251 -0.04290 0.59474 0.02065
1403638565.97783 8.74413 3.61595 2.29502 0.80430 -0.04348 0.59217 0.02311
1403638566.07783 8.59921 3.44624 2.26083 0.80531 -0.04387 0.59072 0.02463
1403638566.17783 8.45416 3.28014 2.21798 0.80549 -0.04528 0.59045 0.02253
1403638566.27783 8.30825 3.11650 2.16694 0.80512 -0.04441 0.59100 0.02306
1403638566.37783 8.16280 2.95643 2.10690 0.80613 -0.04335 0.58969 0.02321
1403638566.47783 8.01796 2.80005 2.04028 0.80638 -0.04407 0.58942 0.01980
1403638566.57783 7.87494 2.64780 1.96834 0.80956 -0.04231 0.58520 0.01901
1403638566.67783 7.73208 2.50023 1.88924 0.81885 -0.04056 0.57229 0.01811
1403638566.77783 7.59435 2.35556 1.80569 0.83051 -0.03881 0.55538 0.01722
1403638566.87783 7.46341 2.21331 1.71925 0.83850 -0.03761 0.54338 0.01545
1403638566.97783 7.33931 2.07321 1.63018 0.84240 -0.03476 0.53751 0.01538
1403638567.07783 7.22539 1.93680 1.54309 0.83429 -0.03321 0.55011 0.01517
1403638567.17783 7.11687 1.80290 1.45360 0.82194 -0.03099 0.56846 0.01725
1403638567.27783 7.01288 1.67422 1.35979 0.81329 -0.02915 0.58077 0.02045
1403638567.37783 6.90654 1.54730 1.26089 0.81135 -0.02848 0.58340 0.02335
1403638567.47783 6.80083 1.42636 1.16689 0.81213 -0.02934 0.58218 0.02530
1403638567.57783 6.69153 1.30682 1.08008 0.81562 -0.03097 0.57714 0.02663
1403638567.67783 6.58094 1.19013 1.00180 0.81884 -0.03142 0.57237 0.02996
1403638567.77783 6.47439 1.07817 0.93384 0.82207 -0.03191 0.56759 0.03194
1403638567.87783 6.37196 0.97141 0.87385 0.82542 -0.03412 0.56262 0.03114
1403638567.97783 6.27719 0.86977 0.82095 0.82631 -0.03509 0.56127 0.03111
1403638568.07783 6.18902 0.77304 0.77637 0.82612 -0.03327 0.56147 0.03415
1403638568.17783 6.10590 0.68120 0.74064 0.82538 -0.03193 0.56250 0.03619
1403638568.37783 5.94919 0.51156 0.68208 0.82562 -0.03262 0.56204 0.03735
1403638568.57783 5.80585 0.35821 0.61101 0.82776 -0.03185 0.55884 0.03872
1403638568.67783 5.73805 0.28841 0.57301 0.82949 -0.03042 0.55625 0.03997
1403638568.87783 5.62437 0.16975 0.50983 0.83012 -0.03213 0.55539 0.03772
1403638569.07783 5.53001 0.06657 0.47648 0.82932 -0.02938 0.55648 0.04113
1403638569.27783 5.45429 -0.01767 0.46438 0.83136 -0.02831 0.55329 0.04371
1403638569.67783 5.36637 -0.12177 0.40605 0.82746 -0.02817 0.55902 0.04485
1403638570.27783 5.35180 -0.10010 0.39429 0.82296 -0.03620 0.56612 0.03060
1403638570.47783 5.35935 -0.10253 0.34498 0.82201 -0.05913 0.56603 0.02003
1403638570.57783 5.36679 -0.09386 0.31224 0.81915 -0.08623 0.56690 0.01304
1403638570.67783 5.37240 -0.09198 0.29008 0.81371 -0.11542 0.56953 0.01393
1403638570.77783 5.37548 -0.10494 0.25552 0.80236 -0.14292 0.57908 0.02131
1403638570.87783 5.37301 -0.13018 0.21816 0.79044 -0.16728 0.58828 0.03403
1403638570.97783 5.36313 -0.16353 0.17907 0.78204 -0.18856 0.59195 0.04954
1403638571.07783 5.34395 -0.20710 0.13736 0.77908 -0.20757 0.58783 0.06635
1403638571.17783 5.31508 -0.25863 0.09819 0.78157 -0.21984 0.57718 0.08768
1403638571.27783 5.27742 -0.31709 0.06777 0.78269 -0.22631 0.56971 0.10777
1403638571.37783 5.23456 -0.38022 0.04747 0.78192 -0.23166 0.56608 0.12035
1403638571.47783 5.18697 -0.44654 0.03672 0.77903 -0.23632 0.56685 0.12626
1403638571.57783 5.13470 -0.51419 0.03650 0.77658 -0.24046 0.56691 0.13312
1403638571.67783 5.07980 -0.58863 0.01705 0.77617 -0.24979 0.56195 0.13923
1403638571.77783 5.02064 -0.66426 -0.00090 0.77543 -0.26317 0.55478 0.14723
1403638571.87783 4.95899 -0.74270 -0.02236 0.77221 -0.28079 0.54860 0.15452
1403638571.97783 4.89461 -0.82505 -0.04106 0.76591 -0.30066 0.54466 0.16225
1403638572.07783 4.82741 -0.91144 -0.05240 0.75876 -0.31969 0.54101 0.17140
1403638572.17783 4.75643 -1.00106 -0.05389 0.75174 -0.33471 0.53650 0.18715
1403638572.27783 4.68247 -1.09355 -0.05127 0.74722 -0.35119 0.52710 0.20123
1403638572.37783 4.60630 -1.19014 -0.05187 0.74215 -0.36938 0.51658 0.21429
1403638572.47783 4.53070 -1.29010 -0.05524 0.73799 -0.38237 0.50703 0.22820
1403638572.57783 4.45598 -1.39364 -0.06039 0.73406 -0.39092 0.50118 0.23906
1403638572.67783 4.38331 -1.50007 -0.06384 0.73217 -0.39628 0.49690 0.24492
1403638572.77783 4.31260 -1.61115 -0.05944 0.73352 -0.39602 0.49119 0.25268
1403638572.87783 4.24502 -1.72551 -0.04651 0.73592 -0.39530 0.48632 0.25624
1403638572.97783 4.18194 -1.84332 -0.02907 0.73806 -0.39424 0.48362 0.25682
1403638573.17783 4.06851 -2.08478 -0.00734 0.74174 -0.39173 0.48137 0.25426
1403638573.37783 3.97427 -2.33773 0.00609 0.74396 -0.38879 0.48164 0.25176
1403638573.47783 3.93234 -2.46899 0.01603 0.74405 -0.38890 0.47981 0.25480
1403638573.57783 3.89765 -2.60278 0.03555 0.74392 -0.38918 0.47888 0.25651
1403638573.67783 3.86994 -2.73596 0.06230 0.74420 -0.38981 0.47634 0.25944
1403638573.77783 3.84742 -2.87303 0.09256 0.74053 -0.39320 0.47549 0.26631
1403638573.87783 3.82982 -3.01160 0.12219 0.73017 -0.39871 0.47910 0.27991
1403638573.97783 3.81865 -3.14825 0.14636 0.71459 -0.41214 0.48417 0.29167
1403638574.07783 3.81087 -3.28122 0.16285 0.69410 -0.43360 0.49166 0.29746
1403638574.17783 3.80234 -3.41004 0.17430 0.67168 -0.45748 0.49746 0.30345
1403638574.27783 3.78873 -3.53768 0.18137 0.65287 -0.47958 0.49591 0.31278
1403638574.37783 3.77011 -3.66157 0.18411 0.63943 -0.49937 0.48581 0.32517
1403638574.47783 3.74693 -3.78156 0.18392 0.62770 -0.51731 0.47295 0.33869
1403638574.57783 3.72045 -3.89958 0.18605 0.61697 -0.53137 0.46379 0.34912
1403638574.67783 3.68964 -4.01671 0.19563 0.61059 -0.53836 0.45504 0.36095
1403638574.77783 3.65698 -4.13112 0.21270 0.61044 -0.54083 0.44355 0.37166
1403638574.87783 3.62380 -4.24480 0.23130 0.61257 -0.54516 0.43417 0.37291
1403638575.07783 3.55433 -4.46403 0.25517 0.61375 -0.55357 0.42962 0.36373
1403638575.27783 3.48006 -4.68421 0.25674 0.60993 -0.55755 0.43772 0.35428
1403638575.47783 3.39360 -4.90827 0.24092 0.61896 -0.55581 0.43136 0.34913
1403638575.57783 3.34596 -5.02784 0.23119 0.62411 -0.55322 0.42805 0.34814
1403638575.67783 3.29405 -5.15691 0.22883 0.63060 -0.54786 0.42267 0.35148
1403638575.77783 3.24409 -5.28288 0.23434 0.63723 -0.54476 0.41588 0.35245
1403638575.87783 3.19734 -5.41150 0.24970 0.64152 -0.54260 0.41217 0.35236
1403638575.97783 3.15483 -5.54584 0.27506 0.64194 -0.54177 0.41306 0.35183
1403638576.07783 3.11559 -5.68343 0.30739 0.64261 -0.54030 0.41340 0.35246
1403638576.17783 3.07726 -5.83097 0.34455 0.64111 -0.53978 0.41575 0.35321
1403638576.27783 3.04384 -5.97946 0.37805 0.64169 -0.53721 0.41479 0.35721
1403638576.37783 3.01403 -6.13308 0.40578 0.64326 -0.53423 0.41224 0.36177
1403638576.47783 2.98971 -6.28707 0.42741 0.64588 -0.53170 0.40801 0.36560
1403638576.57783 2.97013 -6.44728 0.44419 0.65001 -0.52875 0.40116 0.37010
1403638576.67783 2.95803 -6.61127 0.45642 0.65154 -0.52651 0.39876 0.37319
1403638576.77783 2.95514 -6.77645 0.46460 0.64922 -0.52279 0.40285 0.37805
1403638576.87783 2.96016 -6.94056 0.46791 0.64424 -0.52102 0.41052 0.38075
1403638576.97783 2.97249 -7.10323 0.46659 0.63786 -0.52279 0.41995 0.37876
1403638577.07783 2.99037 -7.26203 0.46512 0.63406 -0.52617 0.42528 0.37449
1403638577.17783 3.01081 -7.42370 0.47118 0.63130 -0.52826 0.42931 0.37161
1403638577.27783 3.03448 -7.58179 0.48327 0.63185 -0.52797 0.42856 0.37196
1403638577.37783 3.06110 -7.74016 0.50373 0.63609 -0.52304 0.42248 0.37860
1403638577.47783 3.09126 -7.89731 0.52984 0.63858 -0.51973 0.41889 0.38292
1403638577.57783 3.12791 -8.04928 0.55297 0.63856 -0.52147 0.41939 0.38003
1403638577.67783 3.16871 -8.19787 0.56928 0.63750 -0.52356 0.42140 0.37669
1403638577.87783 3.26253 -8.49134 0.58218 0.63723 -0.52483 0.42293 0.37367
1403638577.97783 3.31476 -8.63287 0.58328 0.63777 -0.52340 0.42316 0.37447
1403638578.07783 3.37175 -8.77552 0.58996 0.63698 -0.52335 0.42532 0.37345
1403638578.17783 3.43296 -8.91556 0.60383 0.63399 -0.52579 0.43074 0.36887
1403638578.27783 3.49609 -9.05822 0.62366 0.62912 -0.53134 0.43816 0.36041
1403638578.37783 3.55774 -9.19912 0.64300 0.62676 -0.53299 0.44119 0.35840
1403638578.57783 3.67503 -9.47877 0.66330 0.62584 -0.53408 0.44107 0.35852
1403638578.77783 3.78509 -9.75065 0.66712 0.62826 -0.52957 0.43666 0.36630
1403638578.97783 3.89463 -10.01789 0.65927 0.63251 -0.52375 0.43121 0.37373
1403638579.17783 4.01556 -10.27826 0.67725 0.63329 -0.52185 0.43151 0.37473
1403638579.37783 4.14665 -10.52372 0.71638 0.62912 -0.52664 0.43848 0.36687
1403638579.47783 4.21237 -10.64213 0.73058 0.62486 -0.53048 0.44463 0.36117
1403638579.57783 4.27838 -10.76521 0.74034 0.62240 -0.52777 0.45226 0.35992
1403638579.67783 4.34256 -10.88785 0.74584 0.62313 -0.51563 0.46344 0.36201
1403638579.77783 4.40308 -10.99832 0.74543 0.63376 -0.49667 0.47094 0.36039
1403638579.87783 4.46440 -11.10669 0.73881 0.65395 -0.47558 0.47316 0.34970
1403638579.97783 4.52432 -11.20373 0.72706 0.67420 -0.45063 0.48143 0.33259
1403638580.07783 4.58423 -11.29292 0.71281 0.68894 -0.41623 0.50088 0.31818
1403638580.17783 4.64311 -11.37471 0.69575 0.70345 -0.37941 0.52178 0.29826
1403638580.27783 4.69964 -11.44605 0.67346 0.72063 -0.34470 0.53664 0.27183
1403638580.37783 4.75370 -11.51092 0.64578 0.73699 -0.31855 0.54500 0.24156
1403638580.47783 4.80272 -11.57237 0.61401 0.74868 -0.30220 0.54931 0.21541
1403638580.57783 4.84735 -11.63273 0.58027 0.75606 -0.28893 0.55294 0.19786
1403638580.67783 4.88815 -11.69137 0.54688 0.76624 -0.27439 0.55162 0.18246
1403638580.77783 4.92735 -11.74952 0.52125 0.77645 -0.25957 0.54784 0.17211
1403638580.87783 4.96172 -11.80324 0.50427 0.78342 -0.24882 0.54435 0.16739
1403638581.17783 5.05664 -11.95279 0.51121 0.78588 -0.24189 0.54530 0.16284
1403638581.37783 5.11583 -12.04275 0.53706 0.78473 -0.24281 0.54427 0.17030
1403638581.57783 5.16663 -12.10946 0.58227 0.78201 -0.24658 0.54461 0.17625
1403638581.67783 5.18932 -12.13123 0.61268 0.77779 -0.24668 0.54882 0.18162
1403638581.77783 5.21290 -12.15444 0.63474 0.77420 -0.24832 0.55242 0.18378
1403638581.97783 5.26730 -12.20704 0.65226 0.76363 -0.24668 0.56538 0.19068
1403638582.17783 5.31656 -12.25109 0.66776 0.77278 -0.25171 0.55239 0.18525
1403638582.47783 5.38843 -12.29771 0.76869 0.77142 -0.24783 0.55434 0.19024
1403638583.27783 5.56566 -12.24832 1.24492 0.78164 -0.25480 0.53790 0.18646
1403638583.67783 5.67940 -12.16231 1.40245 0.78227 -0.25313 0.53688 0.18904
1403638583.97783 5.78046 -12.07325 1.50779 0.78110 -0.25230 0.53861 0.19006
1403638584.17783 5.85385 -12.01107 1.54632 0.76881 -0.24650 0.55614 0.19716
1403638584.27783 5.88081 -11.97055 1.54088 0.75980 -0.24406 0.56868 0.19936
1403638584.57783 5.93616 -11.80965 1.52670 0.75717 -0.24211 0.57232 0.20132
1403638584.77783 5.94104 -11.66969 1.52763 0.76576 -0.24563 0.56144 0.19512
1403638584.87783 5.93509 -11.59281 1.52395 0.77338 -0.25019 0.55110 0.18860
1403638585.07783 5.94368 -11.43370 1.54002 0.77823 -0.25281 0.54382 0.18630
1403638585.27783 5.94638 -11.28030 1.52636 0.77621 -0.25357 0.54682 0.18490
1403638585.47783 5.94555 -11.12673 1.50488 0.77439 -0.25293 0.54958 0.18522
1403638585.67783 5.94727 -10.96974 1.50571 0.77878 -0.25295 0.54373 0.18404
1403638585.77783 5.94485 -10.89035 1.51861 0.78376 -0.25501 0.53668 0.18074
1403638585.97783 5.96488 -10.73190 1.57227 0.78746 -0.25902 0.53073 0.17645
1403638586.07783 5.97176 -10.65654 1.60536 0.78329 -0.25823 0.53662 0.17835
1403638586.27783 5.99867 -10.50243 1.65307 0.77781 -0.25659 0.54392 0.18254
1403638586.47783 6.02363 -10.34765 1.67955 0.77306 -0.24801 0.54980 0.19647
1403638586.67783 6.04358 -10.18480 1.68219 0.77314 -0.24897 0.54948 0.19579
1403638586.87783 6.06002 -10.01482 1.66098 0.77162 -0.25252 0.55222 0.18944
1403638587.07783 6.07354 -9.83617 1.62321 0.77113 -0.25274 0.55301 0.18886
1403638587.27783 6.08468 -9.65536 1.59889 0.77401 -0.25281 0.54939 0.18754
1403638587.47783 6.09573 -9.46424 1.60091 0.77564 -0.25493 0.54693 0.18511
1403638587.67783 6.11040 -9.27352 1.59180 0.77525 -0.25645 0.54710 0.18412
1403638587.87783 6.12300 -9.08428 1.56325 0.77445 -0.25770 0.54795 0.18323
1403638588.07783 6.13404 -8.90279 1.51643 0.77360 -0.25699 0.54919 0.18406
1403638588.27783 6.14310 -8.72037 1.46170 0.77526 -0.25012 0.54680 0.19343
1403638588.47783 6.15847 -8.52688 1.42788 0.77557 -0.25045 0.54660 0.19235
1403638588.67783 6.17107 -8.32472 1.42702 0.77407 -0.25338 0.54901 0.18761
1403638588.87783 6.17916 -8.11865 1.44221 0.77201 -0.25701 0.55158 0.18361
1403638589.07783 6.18528 -7.90957 1.43208 0.77218 -0.25758 0.55081 0.18438
1403638589.27783 6.18826 -7.70123 1.39931 0.77095 -0.25698 0.55236 0.18573
1403638589.47783 6.18869 -7.48782 1.36737 0.77165 -0.25741 0.55121 0.18564
1403638589.67783 6.18107 -7.28188 1.36143 0.77225 -0.25776 0.55061 0.18445
1403638589.87783 6.17177 -7.07217 1.37719 0.77434 -0.25913 0.54691 0.18476
1403638590.07783 6.15875 -6.87088 1.37627 0.77431 -0.26032 0.54645 0.18458
1403638590.27783 6.14446 -6.67636 1.35694 0.77253 -0.26112 0.54853 0.18471
1403638590.47783 6.12752 -6.48765 1.32106 0.77348 -0.26171 0.54689 0.18479
1403638590.67783 6.10894 -6.30296 1.29281 0.77629 -0.26333 0.54316 0.18166
1403638590.87783 6.09186 -6.11937 1.29561 0.77796 -0.26372 0.54080 0.18100
1403638591.07783 6.07497 -5.92874 1.32238 0.77939 -0.26603 0.53849 0.17834
1403638591.17783 6.06425 -5.83863 1.33108 0.78357 -0.26717 0.53214 0.17738
1403638591.27783 6.05699 -5.75289 1.33314 0.78941 -0.26936 0.52318 0.17481
1403638591.37783 6.05448 -5.67107 1.33068 0.79371 -0.27188 0.51644 0.17147
1403638591.47783 6.05889 -5.59723 1.32326 0.79648 -0.27397 0.51195 0.16874
1403638591.57783 6.06975 -5.53350 1.30984 0.79925 -0.27624 0.50730 0.16593
1403638591.87783 6.14137 -5.39401 1.26349 0.79552 -0.27534 0.51326 0.16706
1403638592.07783 6.21586 -5.35205 1.25869 0.79045 -0.27335 0.52177 0.16801
1403638592.17783 6.26122 -5.34128 1.26956 0.78770 -0.27137 0.52759 0.16594
1403638592.27783 6.30951 -5.32920 1.29353 0.78225 -0.26605 0.53981 0.16097
1403638592.37783 6.35800 -5.32130 1.32326 0.77973 -0.25718 0.55025 0.15204
1403638592.47783 6.40416 -5.31505 1.36044 0.78230 -0.24333 0.55598 0.14031
1403638592.57783 6.44593 -5.31322 1.40352 0.78975 -0.22912 0.55340 0.13248
1403638592.67783 6.48561 -5.31417 1.45271 0.79727 -0.21786 0.54869 0.12589
1403638592.77783 6.52456 -5.31947 1.50052 0.80438 -0.21027 0.54238 0.12072
1403638592.97783 6.60766 -5.33828 1.57994 0.81199 -0.20198 0.53520 0.11590
1403638593.17783 6.70328 -5.37366 1.64605 0.81105 -0.19970 0.53767 0.11502
1403638593.27783 6.75610 -5.39872 1.68631 0.80776 -0.19588 0.54250 0.12185
1403638593.37783 6.81176 -5.42631 1.73145 0.80441 -0.19072 0.54720 0.13086
1403638593.47783 6.86825 -5.45329 1.77477 0.79982 -0.18673 0.55324 0.13909
1403638593.57783 6.92411 -5.47717 1.81111 0.79696 -0.18539 0.55663 0.14366
1403638593.77783 7.03880 -5.51472 1.86354 0.79243 -0.18530 0.56207 0.14761
1403638593.87783 7.09489 -5.52760 1.88970 0.78200 -0.18530 0.57756 0.14338
1403638593.97783 7.14645 -5.53616 1.91965 0.77865 -0.18214 0.58465 0.13680
1403638594.07783 7.19205 -5.54098 1.95335 0.78426 -0.18011 0.57965 0.12849
1403638594.27783 7.26414 -5.54020 2.02352 0.79283 -0.17081 0.57113 0.12673
1403638594.47783 7.32175 -5.52923 2.09092 0.79059 -0.16045 0.57579 0.13299
1403638594.67783 7.36079 -5.50005 2.17864 0.79140 -0.16556 0.57571 0.12179
1403638595.17783 7.41846 -5.40016 2.32962 0.79559 -0.17290 0.56849 0.11813
1403638595.87783 7.42819 -5.23260 2.36137 0.79826 -0.16866 0.56413 0.12688
1403638596.17783 7.41807 -5.13846 2.31594 0.80022 -0.15454 0.56020 0.14813
1403638596.37783 7.41435 -5.04744 2.29795 0.80224 -0.13835 0.55555 0.16920
1403638596.57783 7.42397 -4.91329 2.31471 0.80278 -0.12805 0.55336 0.18150
1403638596.77783 7.45532 -4.72229 2.36221 0.80323 -0.11869 0.55088 0.19304
1403638596.97783 7.50749 -4.46538 2.43409 0.80136 -0.11482 0.55252 0.19841
1403638597.07783 7.54108 -4.31641 2.46703 0.80051 -0.11372 0.55297 0.20119
1403638597.17783 7.57603 -4.15157 2.49309 0.79868 -0.11335 0.55487 0.20344
1403638597.27783 7.61431 -3.96879 2.51312 0.79600 -0.11626 0.55901 0.20094
1403638597.37783 7.65652 -3.76875 2.52940 0.79423 -0.12128 0.56212 0.19623
1403638597.47783 7.70086 -3.55645 2.53947 0.79096 -0.12830 0.56809 0.18762
1403638597.57783 7.74502 -3.33219 2.54386 0.78631 -0.13775 0.57633 0.17491
1403638597.67783 7.78721 -3.09961 2.54386 0.78397 -0.14178 0.57984 0.17052
1403638597.77783 7.82656 -2.86009 2.53833 0.78578 -0.13667 0.57737 0.17467
1403638597.87783 7.86380 -2.61248 2.52812 0.78846 -0.12532 0.57501 0.17884
1403638597.97783 7.89920 -2.35512 2.51481 0.79018 -0.11613 0.57424 0.17995
1403638598.07783 7.93690 -2.08578 2.50631 0.79044 -0.11359 0.57648 0.17312
1403638598.17783 7.97302 -1.80497 2.50421 0.79198 -0.12277 0.57857 0.15151
1403638598.27783 8.00583 -1.51841 2.50629 0.79391 -0.13120 0.57839 0.13404
1403638598.37783 8.03675 -1.23147 2.50586 0.79573 -0.13646 0.57709 0.12309
1403638598.47783 8.06480 -0.94677 2.49915 0.79806 -0.13820 0.57437 0.11879
1403638598.57783 8.09028 -0.66231 2.48564 0.80010 -0.13618 0.57302 0.11380
1403638598.67783 8.11336 -0.38050 2.46611 0.80250 -0.12758 0.57249 0.10936
1403638598.77783 8.13458 -0.10183 2.44763 0.80481 -0.11669 0.57314 0.10084
1403638598.87783 8.15436 0.17417 2.43536 0.80600 -0.10220 0.57580 0.09152
1403638598.97783 8.17051 0.44676 2.42581 0.80865 -0.08576 0.57627 0.08148
1403638599.07783 8.18577 0.71769 2.42152 0.81025 -0.06904 0.57787 0.06932
1403638599.17783 8.19777 0.98717 2.42389 0.81174 -0.05133 0.57894 0.05723
1403638599.27783 8.20722 1.25553 2.43097 0.81387 -0.03226 0.57831 0.04621
1403638599.37783 8.21372 1.52360 2.44637 0.81720 -0.01495 0.57517 0.03371
1403638599.47783 8.21823 1.79070 2.46702 0.81942 -0.00158 0.57266 0.02468
1403638599.57783 8.22271 2.05673 2.48517 0.82176 0.00693 0.56946 0.01924
1403638599.67783 8.22725 2.32068 2.49478 0.82325 0.01155 0.56734 0.01567
1403638599.77783 8.23327 2.58357 2.49593 0.82338 0.01262 0.56717 0.01448
1403638599.87783 8.24183 2.84346 2.49017 0.82467 0.01020 0.56538 0.01257
1403638599.97783 8.25287 3.10248 2.47989 0.82485 0.00460 0.56526 0.00887
1403638600.07783 8.26796 3.35906 2.46628 0.82596 -0.00322 0.56371 0.00255
1403638600.17783 8.28634 3.61061 2.44905 0.82763 -0.01502 0.56100 -0.00945
1403638600.27783 8.30581 3.85438 2.42701 0.82968 -0.02573 0.55731 -0.01935
1403638600.37783 8.32918 4.08707 2.40456 0.83105 -0.03434 0.55448 -0.02691
1403638600.47783 8.35785 4.30630 2.38757 0.83220 -0.04083 0.55197 -0.03309
1403638600.57783 8.39091 4.51026 2.38115 0.83278 -0.04149 0.55117 -0.03102
1403638600.67783 8.42664 4.70160 2.38210 0.83423 -0.04456 0.54857 -0.03381
1403638600.77783 8.47009 4.87601 2.39022 0.83798 -0.04442 0.54285 -0.03352
1403638600.87783 8.52045 5.03517 2.40342 0.84188 -0.03560 0.53802 -0.02258
1403638600.97783 8.57736 5.17932 2.41490 0.84412 -0.02202 0.53567 -0.00592
1403638601.07783 8.64226 5.31820 2.42060 0.84462 -0.01396 0.53518 0.00322
1403638601.17783 8.71374 5.45479 2.42062 0.84330 -0.00753 0.53727 0.01118
1403638601.27783 8.79245 5.58703 2.41738 0.83696 0.00008 0.54687 0.02061
1403638601.37783 8.87566 5.72089 2.41241 0.83194 0.00400 0.55456 0.01785
1403638601.47783 8.96363 5.85931 2.41298 0.82757 0.00866 0.56127 0.00482
1403638601.57783 9.05172 5.99539 2.42003 0.82286 0.02300 0.56775 -0.00604
1403638601.67783 9.14026 6.13108 2.43253 0.82039 0.04316 0.56991 -0.01732
1403638601.77783 9.22693 6.26671 2.45258 0.81764 0.06869 0.57083 -0.02998
1403638601.87783 9.31041 6.40561 2.48005 0.81277 0.09780 0.57265 -0.04384
1403638601.97783 9.39067 6.54552 2.50845 0.80973 0.12125 0.57114 -0.05867
1403638602.07783 9.46865 6.68522 2.53119 0.80816 0.13822 0.56820 -0.07019
1403638602.17783 9.54388 6.82564 2.54872 0.80354 0.15393 0.56995 -0.07612
1403638602.27783 9.61492 6.96846 2.56028 0.79662 0.17142 0.57359 -0.08372
1403638602.37783 9.68064 7.11499 2.57188 0.78563 0.18400 0.58108 -0.10619
1403638602.47783 9.73758 7.26266 2.59429 0.76368 0.19046 0.60053 -0.14100
1403638602.57783 9.78291 7.40348 2.62433 0.74210 0.19545 0.61651 -0.17611
1403638602.67783 9.81357 7.52935 2.65929 0.73191 0.20886 0.61804 -0.19676
1403638602.77783 9.82292 7.63762 2.69782 0.72765 0.22847 0.61253 -0.20771
1403638602.87783 9.81813 7.73116 2.74159 0.72440 0.24806 0.60487 -0.21873
1403638602.97783 9.79999 7.81160 2.78743 0.72469 0.26334 0.59051 -0.23830
1403638603.07783 9.77247 7.86964 2.83425 0.71985 0.27793 0.58184 -0.25698
1403638603.17783 9.73483 7.93837 2.86041 0.71269 0.29217 0.57821 -0.26903
1403638603.27783 9.69562 7.97230 2.89078 0.72024 0.30914 0.56061 -0.26722
1403638603.37783 9.65665 8.00679 2.90793 0.73317 0.32332 0.53862 -0.26042
1403638603.47783 9.60534 8.02449 2.92005 0.74167 0.33025 0.52429 -0.25686
1403638603.67783 9.51762 8.06249 2.92921 0.73186 0.33689 0.53216 -0.26016
1403638603.77783 9.46378 8.07260 2.93071 0.72335 0.34300 0.54297 -0.25359
1403638603.97783 9.35077 8.07847 2.90969 0.70894 0.35086 0.56198 -0.24182
1403638604.17783 9.20492 8.07988 2.86492 0.70484 0.35455 0.56777 -0.23480
1403638604.27783 9.11341 8.07529 2.85720 0.70886 0.35069 0.56249 -0.24112
1403638604.37783 9.01112 8.06505 2.85558 0.71653 0.34753 0.55227 -0.24659
1403638604.47783 8.90377 8.05129 2.85965 0.72441 0.34907 0.54187 -0.24445
1403638604.57783 8.79322 8.03593 2.86723 0.72904 0.35035 0.53566 -0.24251
1403638604.67783 8.68165 8.01790 2.87089 0.73226 0.34876 0.53107 -0.24520
1403638604.77783 8.56857 7.99884 2.86900 0.73423 0.34606 0.52819 -0.24933
1403638604.87783 8.45802 7.97622 2.86755 0.73743 0.34537 0.52365 -0.25042
1403638604.97783 8.34823 7.95274 2.86587 0.74342 0.34709 0.51510 -0.24805
1403638605.07783 8.23843 7.92481 2.87906 0.74988 0.34895 0.50562 -0.24549
1403638605.17783 8.13140 7.90096 2.89711 0.75389 0.35082 0.49958 -0.24291
1403638605.37783 7.93682 7.87220 2.93114 0.75014 0.35766 0.50517 -0.23275
1403638605.47783 7.83957 7.86168 2.94483 0.74011 0.36321 0.51913 -0.22543
1403638605.57783 7.74843 7.85901 2.93615 0.73180 0.36745 0.53023 -0.21978
1403638605.77783 7.55080 7.86046 2.95411 0.72518 0.37181 0.53875 -0.21360
1403638605.97783 7.32862 7.89238 2.97917 0.72447 0.37531 0.53997 -0.20668
1403638606.17783 7.08252 7.94266 3.00802 0.72445 0.37757 0.54072 -0.20058
1403638606.27783 6.95108 7.98120 3.00745 0.72566 0.37797 0.53959 -0.19851
1403638606.37783 6.80533 8.01933 3.00289 0.73411 0.37318 0.52928 -0.20417
1403638606.57783 6.51346 8.11616 2.97304 0.75280 0.36181 0.50424 -0.21939
1403638606.67783 6.37021 8.18094 2.95974 0.75596 0.36388 0.49553 -0.22489
1403638606.77783 6.23266 8.24241 2.91872 0.75591 0.37304 0.48645 -0.22980
1403638606.87783 6.09369 8.31438 2.89891 0.75230 0.38574 0.47788 -0.23849
1403638606.97783 5.98099 8.39512 2.87069 0.74513 0.40123 0.47068 -0.24951
1403638607.07783 5.86093 8.48121 2.86069 0.73646 0.41563 0.46412 -0.26356
1403638607.17783 5.75247 8.57572 2.85860 0.72679 0.42264 0.46342 -0.27999
1403638607.27783 5.65325 8.67317 2.84835 0.71328 0.42704 0.47179 -0.29373
1403638607.37783 5.55559 8.77457 2.84223 0.70483 0.42709 0.47634 -0.30644
1403638607.47783 5.45836 8.86861 2.81591 0.70174 0.42824 0.47609 -0.31227
1403638607.57783 5.36992 8.96855 2.79097 0.70072 0.42956 0.47512 -0.31420
1403638607.67783 5.28499 9.06606 2.75603 0.69905 0.42953 0.47659 -0.31575
1403638607.87783 5.12524 9.24800 2.68297 0.69987 0.42781 0.47727 -0.31524
1403638607.97783 5.04435 9.33899 2.63952 0.70432 0.42440 0.47235 -0.31735
1403638608.17783 4.92279 9.50317 2.54228 0.70005 0.42225 0.48263 -0.31417
1403638608.37783 4.81662 9.65420 2.43129 0.68969 0.42040 0.49960 -0.31305
1403638608.57783 4.69386 9.79143 2.29116 0.69115 0.42064 0.49846 -0.31132
1403638608.67783 4.64029 9.85092 2.21981 0.68837 0.41670 0.50216 -0.31677
1403638608.87783 4.53514 9.95178 2.10283 0.69199 0.41770 0.49685 -0.31596
1403638608.97783 4.46717 9.99436 2.04712 0.69610 0.41857 0.49094 -0.31500
1403638609.07783 4.40603 10.03590 2.00303 0.69886 0.41907 0.48699 -0.31434
1403638609.27783 4.30341 10.09596 1.92745 0.69941 0.41194 0.48584 -0.32417
1403638609.47783 4.22659 10.14467 1.83025 0.69972 0.41460 0.48632 -0.31935
1403638609.67783 4.14057 10.18041 1.70439 0.69877 0.41810 0.48831 -0.31379
1403638609.87783 4.09495 10.20743 1.58251 0.69907 0.41864 0.48787 -0.31309
1403638610.27783 3.99361 10.20897 1.41845 0.69190 0.41254 0.49807 -0.32095
1403638610.77783 3.89026 10.10386 1.14735 0.68499 0.40872 0.50695 -0.32671
1403638610.87783 3.86615 10.06051 1.09710 0.69136 0.41255 0.49747 -0.32301
1403638611.27783 3.78756 9.83977 0.92548 0.68752 0.41223 0.50006 -0.32760
1403638611.47783 3.74576 9.69430 0.84681 0.68095 0.42464 0.51046 -0.30889
1403638611.57783 3.72071 9.61516 0.81808 0.68059 0.42982 0.51191 -0.30000
1403638611.77783 3.65873 9.45322 0.77149 0.68877 0.42587 0.50176 -0.30409
1403638611.87783 3.62439 9.37025 0.74252 0.69436 0.42142 0.49454 -0.30935
1403638612.07783 3.55745 9.20477 0.67589 0.69966 0.41851 0.48814 -0.31152
1403638612.37783 3.47355 8.95579 0.62144 0.70044 0.41683 0.48828 -0.31180
1403638612.57783 3.42705 8.78381 0.58578 0.69706 0.41668 0.49550 -0.30818
1403638612.77783 3.38068 8.61147 0.52397 0.69425 0.41895 0.50284 -0.29940
1403638613.07783 3.29134 8.34974 0.43926 0.69651 0.41339 0.50336 -0.30103
1403638613.27783 3.22195 8.17369 0.41894 0.69939 0.41334 0.50016 -0.29973
1403638613.57783 3.10876 7.90776 0.40717 0.69966 0.40844 0.50435 -0.29881
1403638613.77783 3.02802 7.72938 0.37072 0.69895 0.39407 0.51215 -0.30639
1403638613.87783 2.98774 7.63328 0.34284 0.70105 0.38604 0.51721 -0.30330
1403638613.97783 2.94872 7.53639 0.31063 0.70702 0.37613 0.52087 -0.29555
1403638614.07783 2.90610 7.42984 0.27312 0.71497 0.36422 0.52512 -0.28357
1403638614.17783 2.86344 7.32181 0.23459 0.72512 0.35120 0.52779 -0.26888
1403638614.27783 2.81866 7.21035 0.20120 0.73391 0.33759 0.53000 -0.25790
1403638614.37783 2.77134 7.09852 0.17345 0.74053 0.32804 0.53090 -0.24930
1403638614.47783 2.72267 6.98671 0.15531 0.74519 0.31903 0.53149 -0.24583
1403638614.57783 2.67404 6.87512 0.14749 0.74962 0.31058 0.53207 -0.24189
1403638614.67783 2.62886 6.76581 0.14843 0.75478 0.29847 0.53311 -0.23877
1403638614.77783 2.58854 6.65855 0.16139 0.76462 0.28177 0.52899 -0.23691
1403638614.87783 2.55095 6.54910 0.18334 0.77572 0.26410 0.52531 -0.22927
1403638614.97783 2.52129 6.43991 0.21275 0.78489 0.24487 0.52660 -0.21607
1403638615.07783 2.49819 6.32941 0.24643 0.79220 0.22398 0.53208 -0.19785
1403638615.17783 2.47928 6.21288 0.28310 0.79551 0.20177 0.54349 -0.17627
1403638615.27783 2.46287 6.09298 0.32324 0.79771 0.18028 0.55528 -0.15110
1403638615.37783 2.44759 5.97203 0.35866 0.80116 0.15483 0.56334 -0.12969
1403638615.47783 2.43187 5.84963 0.38770 0.80401 0.12892 0.57008 -0.10939
1403638615.57783 2.41570 5.72709 0.40979 0.80712 0.10459 0.57367 -0.09231
1403638615.67783 2.39931 5.60745 0.42913 0.80908 0.08728 0.57577 -0.07906
1403638615.77783 2.38219 5.49075 0.45385 0.81030 0.07481 0.57683 -0.07133
1403638615.87783 2.36337 5.37468 0.48532 0.81144 0.06302 0.57725 -0.06613
1403638615.97783 2.34383 5.25729 0.51484 0.81292 0.05115 0.57712 -0.05898
1403638616.07783 2.32230 5.13897 0.53745 0.81343 0.03890 0.57819 -0.05008
1403638616.17783 2.29994 5.02125 0.54835 0.81452 0.02480 0.57820 -0.04029
1403638616.27783 2.27653 4.90215 0.54241 0.81536 0.00660 0.57816 -0.02964
1403638616.37783 2.25181 4.78095 0.52207 0.81588 -0.01271 0.57785 -0.01640
1403638616.47783 2.22721 4.66035 0.49355 0.81623 -0.03063 0.57688 -0.00584
1403638616.57783 2.20388 4.54003 0.46149 0.81782 -0.04314 0.57385 0.00346
1403638616.67783 2.18103 4.42108 0.42599 0.82237 -0.05285 0.56641 0.00922
1403638616.77783 2.16104 4.30267 0.38593 0.83075 -0.06320 0.55302 0.00606
1403638616.87783 2.14524 4.18179 0.34596 0.83641 -0.07003 0.54361 0.00207
1403638616.97783 2.13594 4.05609 0.31406 0.83466 -0.06765 0.54654 0.00729
1403638617.07783 2.13340 3.92478 0.29118 0.83108 -0.06254 0.55247 0.01291
1403638617.17783 2.13506 3.79111 0.27655 0.82831 -0.05555 0.55719 0.01887
1403638617.27783 2.14055 3.65806 0.26764 0.83076 -0.05086 0.55393 0.02043
1403638617.37783 2.15125 3.52695 0.26475 0.83485 -0.04802 0.54801 0.01999
1403638617.47783 2.16746 3.39920 0.27022 0.83767 -0.04487 0.54398 0.01967
1403638617.67783 2.21858 3.15371 0.30529 0.83715 -0.03805 0.54525 0.02072
1403638617.77783 2.25456 3.03574 0.33561 0.83558 -0.03532 0.54783 0.02096
1403638617.87783 2.29555 2.92054 0.37239 0.83565 -0.03198 0.54789 0.02200
1403638617.97783 2.34176 2.80862 0.41329 0.83465 -0.03154 0.54952 0.01999
1403638618.07783 2.39248 2.70098 0.44959 0.83431 -0.03028 0.55012 0.01929
1403638618.27783 2.50425 2.49269 0.50189 0.83451 -0.02869 0.54997 0.01741
1403638618.37783 2.56554 2.39362 0.52178 0.83381 -0.02766 0.55109 0.01725
1403638618.57783 2.69869 2.20100 0.55235 0.83298 -0.02553 0.55242 0.01816
1403638618.67783 2.77131 2.10986 0.56653 0.83283 -0.02860 0.55235 0.02209
1403638618.77783 2.84785 2.02154 0.58435 0.83210 -0.03178 0.55317 0.02471
1403638618.87783 2.92802 1.93743 0.60767 0.83031 -0.03508 0.55550 0.02781
1403638618.97783 3.01181 1.85454 0.63257 0.82611 -0.04392 0.56078 0.03385
1403638619.07783 3.09599 1.77501 0.65017 0.82236 -0.05755 0.56418 0.04582
1403638619.17783 3.18018 1.69836 0.66063 0.81860 -0.07640 0.56615 0.05945
1403638619.27783 3.26586 1.62412 0.66420 0.81442 -0.10048 0.56677 0.07347
1403638619.37783 3.35006 1.55194 0.65836 0.80967 -0.12493 0.56638 0.08965
1403638619.47783 3.43397 1.48256 0.64839 0.80516 -0.14608 0.56598 0.10018
1403638619.57783 3.51809 1.41636 0.63742 0.80132 -0.16175 0.56599 0.10670
1403638619.67783 3.60130 1.35248 0.62276 0.79762 -0.17813 0.56698 0.10298
1403638619.87783 3.75807 1.22435 0.58388 0.79285 -0.19606 0.56845 0.09906
1403638620.07783 3.89575 1.08529 0.54086 0.78938 -0.20125 0.57085 0.10254
1403638620.27783 4.00944 0.93463 0.51958 0.78691 -0.19893 0.57368 0.10992
1403638620.57783 4.13128 0.70303 0.53289 0.79082 -0.19318 0.56960 0.11331
1403638620.87783 4.22020 0.46780 0.51857 0.79989 -0.18909 0.55884 0.11007
1403638621.07783 4.27230 0.30386 0.49296 0.79906 -0.17804 0.56196 0.11835
1403638621.27783 4.31991 0.14738 0.48116 0.79673 -0.17355 0.56686 0.11738
1403638621.47783 4.36570 0.00055 0.48190 0.79587 -0.16839 0.56913 0.11970
1403638621.77783 4.42096 -0.18387 0.44984 0.79116 -0.16395 0.57680 0.12035
1403638621.97783 4.43472 -0.30203 0.40079 0.78527 -0.16135 0.58502 0.12278
1403638622.37783 4.41995 -0.46301 0.29704 0.78613 -0.16729 0.58356 0.11604
1403638622.57783 4.38011 -0.52520 0.29223 0.78680 -0.16441 0.58201 0.12321
1403638622.77783 4.32071 -0.56106 0.32784 0.77160 -0.16113 0.60147 0.13002
1403638623.07783 4.18331 -0.59633 0.36879 0.77704 -0.16671 0.59364 0.12651
1403638623.27783 4.05257 -0.58219 0.38202 0.78428 -0.17294 0.58395 0.11827
1403638623.47783 3.90545 -0.56861 0.37633 0.78856 -0.17459 0.57802 0.11654
1403638623.77783 3.66395 -0.54394 0.39109 0.79027 -0.17310 0.57512 0.12145
1403638624.07783 3.38987 -0.50767 0.43199 0.79281 -0.17650 0.57032 0.12262
1403638624.37783 3.10660 -0.46151 0.43321 0.79180 -0.18343 0.57056 0.11774
1403638624.57783 2.91435 -0.43556 0.41491 0.78328 -0.18827 0.58130 0.11454
1403638624.77783 2.71225 -0.40911 0.39071 0.78516 -0.17604 0.58130 0.12096
1403638624.87783 2.60967 -0.39542 0.38826 0.79143 -0.16775 0.57496 0.12217
1403638625.07783 2.39133 -0.35844 0.39662 0.79568 -0.16475 0.57293 0.10726
1403638625.27783 2.18276 -0.32679 0.39281 0.79750 -0.16335 0.57233 0.09878
1403638625.57783 1.86237 -0.28995 0.39683 0.79771 -0.16119 0.57290 0.09722
1403638625.77783 1.64606 -0.27269 0.42718 0.80386 -0.16220 0.56417 0.09599
1403638625.97783 1.43378 -0.25671 0.44633 0.80686 -0.16276 0.55949 0.09725
1403638626.27783 1.13610 -0.24624 0.42931 0.80702 -0.16354 0.55874 0.09893
1403638626.47783 0.94581 -0.25554 0.40847 0.80396 -0.15605 0.56333 0.10930
1403638626.67783 0.76600 -0.25336 0.37814 0.80819 -0.15558 0.55751 0.10868
1403638626.87783 0.59940 -0.24913 0.36258 0.81473 -0.15715 0.54809 0.10540
1403638627.37783 0.28193 -0.25999 0.35191 0.81511 -0.15358 0.54830 0.10666
1403638627.77783 0.13478 -0.25556 0.29252 0.80957 -0.15114 0.55606 0.11202
1403638628.17783 0.04153 -0.24124 0.22876 0.81257 -0.15209 0.55071 0.11540
1403638628.57783 0.00519 -0.20470 0.19963 0.80327 -0.16454 0.56356 0.10043
1403638628.87783 0.00235 -0.18114 0.18860 0.80104 -0.16517 0.56637 0.10140
1403638629.07783 -0.02236 -0.17734 0.17441 0.80292 -0.15878 0.56371 0.11107
1403638629.37783 -0.04700 -0.15800 0.15295 0.80754 -0.15608 0.55707 0.11484
1403638629.47783 -0.04121 -0.13346 0.14920 0.81202 -0.15779 0.55034 0.11339
1403638629.57783 -0.03656 -0.12862 0.15198 0.81506 -0.16053 0.54578 0.10972
1403638629.67783 -0.03185 -0.12218 0.15412 0.81286 -0.16878 0.54865 0.09876
1403638629.77783 -0.02590 -0.11762 0.15737 0.80718 -0.17402 0.55649 0.09213
1403638629.87783 -0.01938 -0.11618 0.15710 0.80075 -0.17563 0.56544 0.09068
1403638629.97783 -0.01385 -0.11887 0.14839 0.79531 -0.16880 0.57326 0.10179
1403638630.17783 -0.01378 -0.12467 0.10188 0.79458 -0.15926 0.57448 0.11512
1403638630.27783 -0.01777 -0.12451 0.06763 0.79914 -0.15863 0.56813 0.11596
1403638630.37783 -0.01672 -0.12155 0.04187 0.81853 -0.15977 0.54036 0.11177
1403638630.57783 0.00485 -0.11959 0.05172 0.79984 -0.15907 0.56799 0.11114
1403638630.67783 0.01306 -0.12018 0.03179 0.81886 -0.15619 0.54164 0.10817
1403638630.77783 0.01354 -0.12604 0.02618 0.82576 -0.15043 0.53219 0.11073
